crossing time (s)	slope (V/s)	crossing number
8177.948134	-69.218142	6162
8178.958963	-68.990065	6163
8180.038606	-64.698831	6164
8181.044043	-66.789055	6165
8182.114817	-66.694782	6166
8183.143815	-66.967577	6167
8184.199511	-62.899034	6168
8185.230691	-64.030047	6169
8186.283675	-64.997115	6170
8187.312969	-64.000430	6171
8188.375746	-62.127478	6172
8189.388200	-63.562598	6173
8190.463820	-62.908150	6174
8191.473703	-62.303713	6175
8192.538979	-61.885409	6176
8193.560161	-62.118449	6177
8194.629123	-61.084400	6178
8195.645659	-60.481420	6179
8196.701103	-61.008248	6180
8197.715881	-60.635313	6181
8198.791040	-59.904740	6182
8199.797076	-60.000737	6183
8200.880958	-59.586643	6184
8201.878902	-59.259557	6185
8202.965329	-57.899962	6186
8203.965653	-57.567792	6187
8205.043793	-57.879975	6188
8206.060278	-57.153868	6189
8207.142192	-57.607010	6190
8208.151046	-57.330103	6191
8209.226092	-55.963004	6192
8210.222688	-55.477313	6193
8211.307906	-55.537974	6194
8212.318896	-55.227021	6195
8213.392506	-53.451196	6196
8214.393086	-54.092988	6197
8215.469325	-53.994256	6198
8216.483622	-53.850389	6199
8217.562228	-53.440384	6200
8218.567534	-52.642843	6201
8219.653983	-53.039354	6202
8220.655417	-52.050086	6203
8221.727986	-51.626001	6204
8222.726720	-51.712310	6205
8223.804222	-51.161899	6206
8224.824330	-50.186979	6207
8225.881977	-50.829252	6208
8226.908685	-50.529266	6209
8227.969847	-50.378051	6210
8228.993676	-49.330132	6211
8230.058084	-49.518234	6212
8231.076888	-48.530970	6213
8232.145725	-48.485458	6214
8233.155056	-48.349174	6215
8234.213289	-47.987337	6216
8235.243781	-47.292221	6217
8236.301915	-46.706177	6218
8237.334819	-46.552378	6219
8238.401686	-46.212288	6220
8239.411609	-46.338012	6221
8240.483690	-45.717444	6222
8241.498233	-45.149321	6223
8242.558709	-45.266763	6224
8243.577385	-45.210929	6225
8244.659703	-44.045542	6226
8245.664745	-44.246988	6227
8246.743551	-44.344543	6228
8247.742468	-43.698360	6229
8248.818292	-43.853181	6230
8249.826208	-43.961460	6231
8250.907098	-43.341789	6232
8251.911457	-42.189020	6233
8252.998403	-42.815462	6234
8253.994104	-41.935973	6235
8255.066279	-41.823890	6236
8256.081434	-42.027913	6237
8257.150546	-41.790989	6238
8258.176393	-41.156596	6239
8259.237369	-41.640961	6240
8260.253870	-40.959137	6241
8261.329017	-40.198235	6242
8262.331279	-40.531380	6243
8263.414943	-39.183530	6244
8264.420559	-39.770067	6245
8265.493486	-38.534433	6246
8266.502389	-39.148978	6247
8267.573657	-38.120566	6248
8268.586881	-38.195842	6249
8269.658658	-37.430383	6250
8270.665623	-37.877510	6251
8271.748815	-37.621962	6252
8272.755071	-37.397175	6253
8273.844641	-36.315164	6254
8274.834925	-36.954030	6255
8275.918058	-36.522515	6256
8276.925414	-36.512496	6257
8277.998241	-36.752602	6258
8279.008848	-36.034271	6259
8280.084115	-35.568731	6260
8281.088607	-34.152572	6261
8282.167912	-36.788430	6262
8283.172306	-34.222775	6263
8284.252070	-35.551326	6264
8285.256273	-34.156984	6265
8286.338841	-33.390045	6266
8287.340105	-32.528762	6267
8288.431363	-33.825499	6268
8289.415199	-32.768205	6269
8290.509881	-32.876702	6270
8291.514000	-32.664037	6271
8292.588184	-32.567783	6272
8293.595158	-31.965703	6273
8294.672509	-31.820982	6274
8295.678001	-32.107268	6275
8296.757458	-31.471890	6276
8297.762834	-31.794959	6277
8298.835368	-31.101664	6278
8299.846422	-31.084689	6279
8300.916866	-31.293998	6280
8301.929252	-30.811176	6281
8303.004652	-29.932667	6282
8304.015057	-30.127806	6283
8305.085703	-29.234735	6284
8306.104956	-29.607303	6285
8307.170895	-29.100923	6286
8308.188885	-28.828739	6287
8309.260787	-29.055556	6288
8310.268012	-28.771834	6289
8311.343107	-29.469623	6290
8312.358771	-28.648072	6291
8313.429193	-27.661232	6292
8314.442752	-27.933764	6293
8315.514243	-28.447761	6294
8316.524766	-27.704591	6295
8317.596918	-28.323108	6296
8318.609245	-27.167525	6297
8319.672516	-27.611285	6298
8320.693530	-26.571099	6299
8321.757179	-27.350592	6300
8322.774940	-26.038845	6301
8323.857185	-26.182233	6302
8324.850513	-25.911657	6303
8325.934073	-26.179907	6304
8326.926481	-24.331723	6305
8328.016768	-24.830736	6306
8329.027808	-24.941947	6307
8330.105809	-25.177028	6308
8331.106241	-24.526440	6309
8332.188512	-25.071489	6310
8333.190685	-24.013782	6311
8334.268225	-24.471418	6312
8335.273270	-24.382890	6313
8336.349380	-23.570436	6314
8337.354221	-24.172131	6315
8338.441148	-24.574539	6316
8339.437441	-23.679781	6317
8340.528672	-24.082291	6318
8341.521101	-22.450090	6319
8342.615349	-23.395071	6320
8343.606300	-22.871331	6321
8344.700062	-22.941990	6322
8345.693925	-22.219075	6323
8346.778812	-22.604034	6324
8347.771982	-22.850256	6325
8348.867403	-22.806568	6326
8349.860759	-22.042175	6327
8350.951501	-22.237661	6328
8351.946286	-21.218520	6329
8353.026840	-21.148362	6330
8354.022140	-20.876589	6331
8355.116230	-21.093137	6332
8356.109725	-20.904183	6333
8357.196859	-21.435655	6334
8358.196752	-20.616157	6335
8359.283136	-20.830307	6336
8360.280844	-20.228162	6337
8361.361338	-20.728231	6338
8362.362784	-19.970391	6339
8363.447285	-19.576331	6340
8364.446567	-19.086604	6341
8365.539363	-20.555115	6342
8366.528386	-19.679251	6343
8367.622808	-19.542544	6344
8368.615291	-19.015956	6345
8369.709661	-18.613145	6346
8370.697554	-18.600719	6347
8371.794870	-18.569500	6348
8372.781162	-18.653560	6349
8373.878651	-18.688429	6350
8374.859163	-18.223177	6351
8375.962831	-18.720314	6352
8376.937693	-17.661252	6353
8378.039725	-18.246895	6354
8379.022229	-17.274780	6355
8380.124048	-17.599539	6356
8381.108854	-16.911635	6357
8382.208350	-17.398789	6358
8383.197467	-17.104869	6359
8384.289669	-17.351557	6360
8385.280441	-16.427820	6361
8386.376060	-16.668545	6362
8387.375823	-17.093583	6363
8388.459583	-16.992442	6364
8389.453864	-16.801080	6365
8390.539870	-16.612917	6366
8391.534286	-16.620999	6367
8392.624268	-16.678180	6368
8393.628019	-15.938274	6369
8394.706003	-15.657860	6370
8395.707104	-16.081586	6371
8396.790375	-16.109087	6372
8397.793596	-15.522607	6373
8398.873502	-16.237259	6374
8399.880709	-15.561420	6375
8400.964139	-15.614814	6376
8401.959799	-15.015803	6377
8403.044932	-14.889945	6378
8404.045272	-14.890987	6379
8405.131339	-14.211164	6380
8406.124943	-14.820997	6381
8407.210152	-14.237379	6382
8408.208312	-14.862165	6383
8409.293927	-14.610919	6384
8410.294660	-14.754375	6385
8411.384839	-14.255517	6386
8412.367793	-14.386582	6387
8413.456301	-13.678039	6388
8414.439490	-14.067304	6389
8415.547876	-13.902569	6390
8416.523909	-13.387347	6391
8417.624640	-13.406797	6392
8418.607116	-13.172103	6393
8419.714165	-13.630877	6394
8420.693718	-13.504757	6395
8421.800526	-13.554883	6396
8422.778232	-13.170292	6397
8423.883756	-12.581499	6398
8424.862311	-12.723911	6399
8425.985658	-11.528911	6400
8426.945129	-11.245870	6401
8428.065045	-11.983217	6402
8429.028697	-12.363314	6403
8430.147713	-12.058722	6404
8431.108485	-11.672107	6405
8432.226304	-12.718391	6406
8433.194856	-11.973798	6407
8434.309305	-11.391245	6408
8435.271815	-11.163647	6409
8436.394459	-11.576155	6410
8437.361614	-11.430701	6411
8438.480910	-10.947463	6412
8439.448324	-11.898271	6413
8440.565161	-11.592827	6414
8441.526969	-11.371217	6415
8442.648583	-11.405955	6416
8443.609986	-11.813257	6417
8444.731484	-10.927382	6418
8445.696006	-11.096707	6419
8446.807911	-10.431270	6420
8447.787985	-10.463701	6421
8448.895686	-10.262306	6422
8449.867519	-10.353914	6423
8450.971126	-9.558137	6424
8451.954238	-10.360175	6425
8453.059012	-11.334902	6426
8454.037760	-9.625523	6427
8455.139378	-10.224447	6428
8456.121050	-10.001484	6429
8457.220644	-10.027294	6430
8458.201206	-10.057515	6431
8459.314465	-10.036137	6432
8460.285430	-9.903272	6433
8461.393140	-10.206922	6434
8462.373626	-10.306001	6435
8463.470739	-9.646553	6436
8464.454416	-9.916436	6437
8465.566076	-9.067704	6438
8466.538819	-9.684926	6439
8467.636214	-9.025857	6440
8468.617872	-9.766456	6441
8469.720068	-8.942812	6442
8470.704061	-9.049796	6443
8471.814188	-8.687348	6444
8472.786069	-9.158371	6445
8473.892925	-8.436957	6446
8474.877570	-8.391886	6447
8475.974761	-8.327236	6448
8476.955618	-7.902809	6449
8478.060421	-7.759066	6450
8479.038238	-8.286641	6451
8480.146226	-8.036492	6452
8481.125143	-7.971033	6453
8482.226815	-7.489007	6454
8483.207447	-8.092173	6455
8484.317059	-6.956135	6456
8485.289513	-8.634591	6457
8486.400981	-7.263700	6458
8487.382789	-7.906507	6459
8488.475751	-7.604188	6460
8489.465028	-7.962591	6461
8490.556377	-7.744353	6462
8491.554827	-7.403718	6463
8492.642068	-7.383473	6464
8493.630351	-6.875097	6465
8494.729271	-8.138999	6466
8495.711701	-7.607139	6467
8496.809187	-6.546763	6468
8497.797689	-7.219026	6469
8498.893450	-6.598014	6470
8499.878077	-6.721738	6471
8500.983955	-6.897788	6472
8501.956582	-6.705395	6473
