time (s)	theta (A)	maj axis/z0	min axis/z0	crossing#mod 255
6579.182881	272.473755	1.184862	0.013785	91
6581.272472	271.588013	1.172087	0.013242	93
6583.362515	270.917023	1.164720	0.013888	95
6585.446665	271.071472	1.165367	0.013968	97
6587.528931	271.723328	1.157834	0.013273	99
6589.609370	272.020020	1.149944	0.012138	101
6591.691046	272.159454	1.141208	0.010918	103
6593.774886	272.444733	1.131429	0.010121	105
6595.860300	92.599297	-1.116897	-0.009163	107
6597.948522	272.521179	1.105062	0.008486	109
6600.035779	272.258606	1.096339	0.007883	111
6602.122751	272.108124	1.087491	0.007572	113
6604.209845	272.019623	1.078352	0.006853	115
6606.294820	271.968018	1.070099	0.006587	117
6608.380048	272.040100	1.060930	0.005861	119
6610.464044	272.117798	1.054641	0.005365	121
6612.547244	272.136108	1.046892	0.004880	123
6614.629711	272.124725	1.040463	0.004278	125
6616.712331	271.902679	1.034628	0.003411	127
6618.796088	271.475311	1.025142	0.002851	129
6620.881491	271.229156	1.013757	0.002867	131
6622.968171	91.268135	-1.000283	-0.002562	133
6625.057520	91.734978	-0.987694	-0.002149	135
6627.146608	92.154724	-0.979365	-0.001026	137
6629.236099	92.282402	-0.970538	0.000014	139
6631.322749	92.281868	-0.962119	0.001062	141
6633.407836	92.077591	-0.954467	0.001426	143
6635.491238	91.996323	-0.945308	0.002138	145
6637.574020	91.940605	-0.936829	0.002441	147
6639.656936	91.950935	-0.930714	0.002893	149
6641.739620	92.012642	-0.923120	0.003155	151
6643.823697	92.042870	-0.916283	0.003654	153
6645.907917	92.039330	-0.907916	0.004322	155
6647.992722	92.062553	-0.899004	0.004627	157
6650.078322	92.022064	-0.888767	0.005484	159
6652.164551	91.952484	-0.877829	0.005699	161
6654.251518	91.838730	-0.867801	0.006471	163
6656.338733	91.661133	-0.859238	0.007080	165
6658.425867	91.455048	-0.852867	0.007899	167
6660.513153	91.280418	-0.845832	0.008008	169
6662.598780	91.224052	-0.839159	0.007979	171
6664.683193	91.406105	-0.834270	0.008534	173
6666.766369	91.602600	-0.828285	0.008998	175
6668.847629	91.725113	-0.821266	0.009591	177
6670.927842	91.667747	-0.814113	0.010371	179
6673.008429	91.659462	-0.808365	0.011059	181
6675.090291	91.587631	-0.802090	0.011623	183
6677.173971	91.622597	-0.795843	0.011923	185
6679.258270	91.767159	-0.789703	0.012832	187
6681.343649	91.798225	-0.783569	0.013797	189
6683.429474	91.791634	-0.776135	0.013929	191
6685.515019	91.789650	-0.768854	0.014695	193
6687.600377	91.734039	-0.761313	0.014963	195
6689.685145	91.649361	-0.755180	0.015383	197
6691.769449	91.525391	-0.748625	0.015974	199
6693.853226	91.361992	-0.743675	0.016457	201
6695.937361	91.168610	-0.737546	0.016854	203
6698.021796	90.968819	-0.729635	0.016926	205
6700.106892	90.777260	-0.721514	0.016851	207
6702.193454	90.793472	-0.712711	0.017197	209
6704.281439	90.991295	-0.703093	0.017363	211
6706.370118	91.261688	-0.693377	0.017563	213
6708.459261	91.598625	-0.685922	0.018407	215
6710.548750	91.844276	-0.679364	0.018920	217
6712.636572	91.932449	-0.673928	0.019617	219
6714.723495	91.861435	-0.666872	0.020089	221
6716.808661	91.725166	-0.659974	0.020297	223
6718.893065	91.603035	-0.654444	0.020765	225
6720.977940	91.519447	-0.648265	0.021173	227
6723.062047	91.454216	-0.643073	0.021528	229
6725.145287	91.383781	-0.636599	0.021691	231
6727.229819	91.278946	-0.630563	0.022009	233
6729.314597	91.252647	-0.623259	0.021987	235
6731.400385	91.246910	-0.616843	0.022293	237
6733.485473	91.168228	-0.611504	0.022449	239
6735.571074	91.063026	-0.605350	0.022658	241
6737.656804	91.045395	-0.599950	0.023196	243
6739.743029	90.992973	-0.594356	0.023177	245
6741.827520	90.962296	-0.589664	0.023460	247
6743.911938	91.006104	-0.583960	0.023279	249
6745.995348	91.097694	-0.580210	0.023713	251
6748.077320	91.146324	-0.575347	0.024055	253
6750.157560	91.114571	-0.570169	0.024330	255
6752.237931	91.031754	-0.564440	0.024743	1
6754.318279	90.888817	-0.560123	0.024815	3
6756.399739	90.691696	-0.555346	0.025166	5
6758.480048	90.672180	-0.549803	0.025215	7
6760.562042	90.585320	-0.544781	0.025375	9
6762.646374	90.530533	-0.538985	0.025798	11
6764.730446	90.510834	-0.534267	0.025812	13
6766.815379	90.499489	-0.529133	0.026188	15
6768.900403	90.415497	-0.523228	0.026384	17
6770.985734	90.350960	-0.518083	0.026485	19
6773.069686	90.308304	-0.512950	0.026617	21
6775.153831	90.130196	-0.508035	0.026704	23
6777.238528	89.977943	-0.503223	0.026755	25
6779.323826	89.826340	-0.497124	0.026919	27
6781.408850	89.809494	-0.491400	0.027135	29
6783.497375	89.903130	-0.484725	0.027167	31
6785.585144	90.062729	-0.478237	0.027409	33
6787.673120	90.373604	-0.472642	0.027737	35
6789.764018	90.618355	-0.466625	0.028031	37
6791.852233	90.920860	-0.462283	0.028511	39
6793.944066	91.142654	-0.456716	0.028793	41
6796.030929	91.227448	-0.452437	0.028873	43
6798.116828	91.248032	-0.448145	0.029507	45
6800.203954	91.182472	-0.443664	0.029965	47
6802.289270	91.127937	-0.438429	0.030207	49
6804.375349	91.045387	-0.433228	0.030187	51
6806.458974	90.945747	-0.428502	0.030225	53
6808.544805	90.930687	-0.424671	0.030520	55
6810.627524	90.891098	-0.419956	0.030322	57
6812.714173	90.788055	-0.414951	0.030447	59
6814.798658	90.683571	-0.409825	0.030302	61
6816.883222	90.669708	-0.407245	0.030452	63
6818.968530	90.698196	-0.404858	0.030449	65
6821.053147	90.698929	-0.400597	0.030455	67
6823.135539	90.618301	-0.396381	0.030215	69
6825.217786	90.586700	-0.394150	0.030214	71
6827.299580	90.508507	-0.390400	0.030301	73
6829.378137	90.434265	-0.387398	0.030323	75
6831.458649	90.271484	-0.384550	0.030308	77
6833.539170	90.043747	-0.381805	0.030183	79
6835.616591	89.847702	-0.378802	0.030193	81
6837.697352	89.670074	-0.375619	0.030174	83
6839.777902	89.515762	-0.372498	0.030007	85
