time (s)	theta (A)	maj axis/z0	min axis/z0	crossing#mod 255
7146.014332	269.578552	1.129615	-0.021530	117
7148.099586	269.423950	1.120209	-0.022305	119
7150.184930	269.331604	1.108782	-0.022537	121
7152.270484	269.200348	1.098714	-0.022995	123
7154.356155	269.193665	1.089298	-0.023264	125
7156.442838	269.248383	1.077627	-0.023758	127
7158.529146	269.401337	1.065253	-0.024304	129
7160.616869	268.959503	1.054896	-0.100000	131
7162.703522	89.812759	-1.043840	0.025335	133
7164.791359	269.976471	1.035010	-0.025877	135
7166.878008	90.078621	-1.025502	0.026260	137
7168.964774	90.108856	-1.017365	0.027036	139
7171.050593	90.050644	-1.009415	0.027368	141
7173.136412	88.765831	-0.904543	0.100000	143
7175.222482	269.917694	0.992096	-0.028613	145
7177.307420	89.841934	-0.983771	0.028920	147
7179.393025	88.568161	-0.972879	0.100000	149
7181.478031	89.709915	-0.964336	0.029557	151
7183.563093	89.676605	-0.958032	0.030187	153
7185.648148	88.157745	-0.949165	0.100000	155
7187.733050	89.648781	-0.943982	0.030601	157
7189.817661	89.676796	-0.935552	0.030829	159
7191.901995	89.637360	-0.926934	0.031148	161
7193.985601	89.608467	-0.919675	0.031574	163
7196.068739	89.540909	-0.909682	0.032036	165
7198.151925	89.449234	-0.904192	0.032690	167
7200.234847	89.252029	-0.895514	0.032902	169
7202.317517	89.177437	-0.887572	0.033584	171
7204.400261	89.007904	-0.881660	0.033906	173
7206.483874	88.863991	-0.875743	0.034549	175
7208.567714	88.796593	-0.868509	0.034757	177
7210.651941	88.771423	-0.861382	0.035116	179
7212.736813	88.745338	-0.853510	0.035515	181
7214.821981	88.742760	-0.845924	0.035603	183
7216.907129	88.714249	-0.837687	0.035721	185
7218.991845	88.627663	-0.829919	0.036122	187
7221.076595	88.604340	-0.823133	0.036645	189
7223.161765	88.431633	-0.815770	0.037146	191
7225.246919	88.324471	-0.808443	0.037743	193
7227.331822	88.273712	-0.800429	0.037850	195
7229.417464	88.217834	-0.792454	0.038362	197
7231.503331	88.242912	-0.785228	0.038764	199
7233.590397	88.337341	-0.777196	0.039293	201
7235.677370	88.529045	-0.769763	0.039607	203
7237.764710	88.695343	-0.761055	0.039914	205
7239.852329	88.948235	-0.752900	0.040327	207
7241.939274	89.081940	-0.746277	0.040889	209
7244.026467	89.189575	-0.739418	0.041382	211
7246.112401	89.251411	-0.732898	0.041908	213
7248.199118	89.290993	-0.726154	0.042127	215
7250.284838	89.253426	-0.719582	0.042515	217
7252.370692	89.186882	-0.712124	0.042675	219
7254.455927	89.122192	-0.705837	0.042760	221
7256.540433	89.027100	-0.699893	0.043112	223
7258.625700	89.019562	-0.692000	0.043354	225
7260.710155	88.959656	-0.686569	0.043602	227
7262.793810	88.907471	-0.680614	0.043880	229
7264.877999	88.839455	-0.674207	0.044104	231
7266.961604	88.782967	-0.667929	0.044182	233
7269.044993	88.688980	-0.662092	0.044004	235
7271.127856	88.577309	-0.656127	0.044290	237
7273.209907	88.409706	-0.650131	0.044387	239
7275.291877	88.246597	-0.644984	0.044607	241
7277.374777	88.084084	-0.638644	0.044618	243
7279.456307	87.924042	-0.633263	0.044352	245
7281.539617	87.749893	-0.627926	0.044548	247
7283.623036	87.637962	-0.623320	0.044653	249
7285.706581	87.556602	-0.617762	0.044645	251
7287.790578	87.499184	-0.611936	0.044786	253
7289.874966	87.454277	-0.606444	0.044819	255
7291.960137	87.378738	-0.601335	0.044987	1
7294.044739	87.309883	-0.595164	0.045141	3
7296.129379	87.257965	-0.588637	0.045117	5
7298.215209	87.160027	-0.582489	0.045113	7
7300.299705	87.075623	-0.576038	0.045198	9
7302.384597	87.034416	-0.569988	0.045168	11
7304.470121	86.974548	-0.563664	0.045395	13
7306.555853	86.986603	-0.556816	0.045627	15
7308.643675	87.106651	-0.550310	0.045559	17
7310.730482	87.270653	-0.544606	0.045522	19
7312.817508	87.461800	-0.537776	0.045464	21
7314.905549	87.664833	-0.532378	0.045787	23
7316.993209	87.895538	-0.527249	0.046069	25
7319.080781	88.023384	-0.521966	0.046101	27
7321.167750	88.064880	-0.516682	0.046209	29
7323.253370	88.157547	-0.511836	0.046422	31
7325.340362	88.155540	-0.507836	0.046668	33
7327.425289	88.092888	-0.501951	0.046227	35
7329.511249	88.083649	-0.497018	0.046172	37
7331.596101	88.039391	-0.492915	0.046299	39
7333.680606	87.976768	-0.489036	0.046196	41
7335.765072	87.951134	-0.484548	0.046288	43
7337.848650	87.896042	-0.479873	0.046277	45
7339.932496	87.726593	-0.475515	0.046240	47
7342.015725	87.631416	-0.470608	0.046139	49
7344.098266	87.451241	-0.465648	0.045698	51
7346.180736	87.343513	-0.460880	0.045857	53
7348.261095	87.176254	-0.456868	0.045661	55
7350.343203	86.933739	-0.453102	0.045772	57
7352.426003	86.751038	-0.448861	0.045331	59
7354.506567	86.550217	-0.444683	0.045483	61
7356.588524	86.408455	-0.439922	0.045162	63
7358.671629	86.278503	-0.435627	0.044972	65
7360.755068	86.219215	-0.431763	0.044883	67
7362.840383	86.130959	-0.428026	0.044600	69
7364.924476	86.065582	-0.424048	0.044738	71
7367.007584	85.976509	-0.420261	0.044500	73
7369.092767	85.862640	-0.416270	0.044378	75
7371.176588	85.821915	-0.411893	0.043921	77
7373.263193	85.686737	-0.407531	0.043910	79
7375.348026	85.708374	-0.403571	0.044016	81
7377.434486	85.674721	-0.399074	0.043911	83
7379.520284	85.693527	-0.394516	0.043686	85
7381.606886	85.786346	-0.390153	0.043539	87
7383.692690	85.945686	-0.385445	0.043604	89
7385.780728	86.117622	-0.380507	0.043586	91
7387.869087	86.281662	-0.376074	0.043343	93
7389.958133	86.460686	-0.372177	0.043489	95
7392.044451	86.687401	-0.367558	0.043712	97
7394.132281	86.885269	-0.363515	0.043859	99
7396.221466	87.078026	-0.359830	0.044089	101
7398.305693	87.235001	-0.356264	0.044121	103
7400.392290	87.166748	-0.352812	0.043892	105
